147.929993
150
156.820007
156.300003
171.25
169.429993
170.419998
174.229996
175.850006
178.899994
188.020004
188.740005
191.240005
200.100006
199.229996
204.529999
204.610001
208.479996
185.720001
183.089996
178.970001
173.300003
192.580002
193.889999
198.580002
201.550003
200.020004
205.210007
207.220001
209.679993
193.339996
200.479996
210.350006
206.490005
208.740005
214.169998
219.899994
218.720001
223.970001
227.059998
235.869995
240.509995
249.050003
257.5
262.200012
267.100006
266.369995
264.160004
266.920013
279.859985
284
291.519989
